%YAML:1.0
cameraMatrix: !!opencv-matrix
   rows: 3
   cols: 3
   dt: d
   data: [ 1.0440311206081212e+03, 0., 6.4483874099545062e+02, 0.,
       1.0608706513772822e+03, 3.3478675896907487e+02, 0., 0., 1. ]
distCoeffs: !!opencv-matrix
   rows: 1
   cols: 5
   dt: d
   data: [ 1.0802877756014859e-01, 9.0203692121326340e-01,
       -2.4163422275342239e-02, 3.0850004085365189e-03,
       -8.7619707121286456e+00 ]
